-38.900000
-44.900000
-41.500000
-45.000000
-37.800000
-47.300000
-41.100000
-44.900000
-39.500000
-39.700000
-36.600000
-41.600000
-39.200000
-43.900000
-38.300000
-39.900000
-34.800000
-41.300000
-35.600000
-38.400000
-35.400000
-37.600000
-38.900000
-36.000000
-30.000000
-36.700000
-30.600000
-34.400000
-24.800000
-31.100000
-25.400000
-28.500000
-24.400000
-28.300000
-23.500000
-29.400000
-22.800000
-28.000000
-23.100000
-30.000000
-25.500000
-26.100000
-21.200000
-29.400000
-29.900000
-35.900000
-37.300000
-37.300000
-32.200000
-35.400000
-25.800000
-31.500000
-23.800000
-24.900000
-25.900000
-30.700000
-26.700000
-32.400000
-22.500000
-32.800000
-21.500000
-26.300000
-21.700000
-29.200000
-20.800000
-26.200000
-17.700000
-25.200000
-23.000000
-33.600000
-30.500000
-29.900000
-24.600000
-31.700000
-26.300000
-28.700000
-27.700000
-30.100000
-27.200000
-27.600000
-21.400000
-26.200000
-18.100000
-24.300000
-20.800000
-24.800000
-21.900000
-31.400000
-20.000000
-27.900000
-20.600000
-24.500000
-18.500000
-26.600000
-23.300000
-23.900000
-16.500000
-20.200000
-19.500000
-19.900000
-9.600000
-15.600000
-11.000000
-15.900000
-4.400000
-10.000000
-2.800000
-8.800000
-11.600000
-10.900000
-4.600000
-11.800000
-6.400000
-10.100000
-8.200000
-12.400000
-1.200000
-8.700000
0.000000
-4.000000
-4.200000
-12.700000
-6.600000
-9.000000
2.300000
0.000000
6.800000
-0.900000
6.900000
-4.300000
-5.000000
-13.700000
-4.700000
-10.700000
-4.500000
-12.500000
1.100000
-3.700000
4.100000
-0.700000
4.800000
-2.100000
-4.700000
-7.600000
2.200000
-5.400000
-4.800000
-10.500000
-2.700000
-9.900000
-0.400000
-6.400000
-2.800000
-6.600000
7.900000
-6.400000
5.600000
-0.100000
1.300000
-4.200000
5.800000
-4.200000
7.900000
-4.100000
-0.900000
-2.200000
-0.200000
-0.900000
7.900000
0.500000
5.400000
2.100000
8.700000
9.500000
16.900000
11.700000
16.200000
7.600000
11.700000
4.500000
11.300000
4.900000
14.900000
13.700000
16.400000
11.500000
22.900000
12.500000
16.200000
8.800000
19.100000
10.000000
13.100000
8.300000
15.400000
6.100000
16.600000
11.400000
19.200000
13.400000
24.600000
13.000000
13.100000
10.600000
15.800000
8.100000
15.200000
8.200000
10.600000
5.700000
11.300000
3.500000
8.900000
9.300000
15.800000
14.400000
21.200000
13.900000
18.600000
16.300000
25.300000
14.100000
20.900000
15.400000
25.200000
12.000000
24.500000
19.300000
22.100000
13.200000
19.500000
19.200000
24.500000
17.900000
29.500000
22.600000
25.600000
15.900000
20.500000
18.500000
29.200000
19.500000
27.400000
18.800000
30.000000
19.100000
30.200000
22.500000
33.500000
20.900000
28.900000
18.800000
22.600000
12.900000
28.300000
20.800000
29.700000
23.100000
29.500000
22.500000
33.300000
20.900000
33.800000
24.000000
34.900000
22.400000
27.500000
18.100000
25.600000
21.700000
27.300000
20.700000
30.500000
19.000000
28.800000
24.200000
35.500000
25.600000
32.300000
22.900000
32.800000
28.400000
36.300000
24.100000
31.800000
22.900000
32.100000
26.700000
34.300000
24.000000
32.600000
25.100000
30.700000
19.800000
22.000000
12.900000
25.900000
17.700000
29.700000
17.900000
29.700000
21.400000
28.800000
19.100000
27.800000
25.400000
33.000000
16.400000
25.600000
16.200000
25.600000
19.000000
31.900000
25.400000
33.300000
23.600000
33.300000
23.200000
29.800000
25.300000
32.300000
20.100000
37.200000
26.500000
39.200000
31.500000
40.600000
26.400000
33.200000
29.000000
32.000000
22.400000
34.100000
21.900000
31.700000
23.600000
34.300000
22.900000
30.700000
27.800000
36.800000
22.700000
35.700000
19.400000
30.900000
21.600000
33.000000
29.900000
38.400000
29.000000
35.600000
27.000000
31.800000
26.900000
30.700000
22.900000
36.200000
27.400000
40.400000
30.700000
38.600000
23.500000
42.200000
32.100000
38.000000
28.700000
38.400000
30.400000
35.000000
28.900000
30.000000
20.800000
40.800000
34.500000
33.900000
31.200000
33.700000
34.000000
47.300000
39.500000
63.700000
49.000000
77.600000
82.100000
92.500000
93.900000
108.100000
101.200000
122.200000
116.600000
124.400000
112.000000
108.700000
100.200000
101.800000
78.000000
81.600000
68.400000
75.900000
62.900000
64.100000
53.200000
62.300000
43.400000
50.900000
41.300000
51.200000
35.300000
44.300000
43.100000
52.300000
40.500000
49.000000
40.300000
47.000000
40.500000
52.000000
44.600000
55.400000
39.900000
49.200000
37.200000
40.400000
31.400000
43.500000
31.500000
48.100000
31.200000
42.800000
31.900000
44.500000
35.700000
48.100000
38.000000
50.000000
34.700000
44.300000
35.500000
42.500000
32.500000
70.900000
38.100000
43.200000
35.300000
42.800000
33.600000
42.700000
37.400000
41.700000
34.500000
